translation matrix :  [0.1768570930755649, -0.35697447201741145]
rotation matrix :  [[0.9636616078289167, -0.2671260107076565], [0.2671260107076565, 0.9636616078289167]]
inverse rotation matrix :  [[0.9636616078289167, 0.2671260107076565], [-0.2671260107076565, 0.9636616078289169]]


goal :  [0.0, 0.0]
rotated goal :  [0.0, 0.0]
translated goal :  [0.1768570930755649, -0.35697447201741145]

next point screen :  [0, 0]
next reachy position :  [[0.1768570930755649, -0.35697447201741145]] -0.3208802916983177




goal :  [0.3272536059088991, 0.0]
rotated goal :  [0.3153617360379804, -0.0874179502361398]
translated goal :  [0.4922188291135453, -0.44439242225355124]

next point screen :  [1080, 0]
next reachy position :  [[0.4922188291135453, -0.44439242225355124]] -0.3208802916983177




goal :  [0.0, 0.5817841882824873]
rotated goal :  [0.15540968930869298, 0.560643086289743]
translated goal :  [0.3322667823842579, 0.20366861427233157]

next point screen :  [0, 1920]
next reachy position :  [[0.3322667823842579, 0.20366861427233157]] -0.3208802916983177


 ---------------------------------  new trial  ----------------------------------
 
 [INFO] [1639405768.398693961] [screen_subscriber]: Ready ros_ws in screen_app, not reachy_screen!

[[-0.5643822   0.37232818 -0.73677979  0.21030352]
 [-0.8172157  -0.12576408  0.56244279 -0.47014246]
 [ 0.11675287  0.91954071  0.37525144 -0.4360171 ]
 [ 0.          0.          0.          1.        ]]

 - - - - - new touch recorded - - - - -
[[827, 206]]
A :  [array([[-0.0402155 ,  0.05859102, -0.99747171,  0.45077096],
       [ 0.00875021,  0.99826166,  0.05828464, -0.34028749],
       [ 0.99915271, -0.00638414, -0.04065828, -0.31525478],
       [ 0.        ,  0.        ,  0.        ,  1.        ]]), [[827, 206]]]

 - - - - - new touch recorded - - - - -
[[827, 206], [477, 1058]]
B :  [array([[-0.0819583 , -0.6401825 , -0.76383846,  0.40309831],
       [ 0.07781373,  0.75996693, -0.64528698, -0.04395025],
       [ 0.99359341, -0.11232375, -0.01247061, -0.31728541],
       [ 0.        ,  0.        ,  0.        ,  1.        ]]), [[477, 1058]]]
       
 - - - - - new touch recorded - - - - -
[[827, 206], [477, 1058], [345, 301]]
C :  [array([[-0.08333426, -0.29902519, -0.95059946,  0.33800137],
       [ 0.01439713,  0.95345669, -0.3011861 , -0.30450883],
       [ 0.99641765, -0.03878503, -0.0751505 , -0.32232375],
       [ 0.        ,  0.        ,  0.        ,  1.        ]]), [[345, 301]]]
       
- - - - - - point - - - - - -
in trilateration for point :  [0, 0]
screen AB =  921.0884865201606
reachy AB =  0.30014736165519473
screen size before :  0.3 0.5
screen size after :  0.35193052060858127 0.6256542588597
screen AO =  852.2704969667788
reachy AO =  0.27772222194153035
screen BO =  1160.5571937651328
reachy BO =  0.37818101610907157
screen CO =  457.849320191698
reachy CO =  0.1491955089031012
INTERSECTION Circle1 AND Circle2: ( 0.1730753810917211 , -0.3441340891355027 )  AND ( 0.7156619683090233 , -0.2568465650401546 )
d1 :  0.16961940656757513 d2 :  0.3806563003809223
INTERSECTION Circle1 AND Circle2 AND Circle3 : ( 0.1730753810917211 , -0.3441340891355027 )

- - - - - - point - - - - - -
in trilateration for point :  [0, 1920]
screen AO =  1903.083024988663
reachy AO =  0.620141666431124
screen BO =  985.1766339088641
reachy BO =  0.32103122746570023
screen CO =  1655.3507181259204
reachy CO =  0.5394152222405963
INTERSECTION Circle1 AND Circle2: ( 0.31587737721501424 , 0.2650053378699108 )  AND ( 0.3890210536065363 , 0.2767721794503319 )
d1 :  0.5699437298613235 d2 :  0.5835157382591277
INTERSECTION Circle1 AND Circle2 AND Circle3 : ( 0.31587737721501424 , 0.2650053378699108 )

- - - - - - point - - - - - -
in trilateration for point :  [1080, 0]
screen AO =  326.2590994899606
reachy AO =  0.10631530994147106
screen BO =  1217.7737885173913
reachy BO =  0.3968257068300092
screen CO =  794.2455539692999
reachy CO =  0.2588141215735803
INTERSECTION Circle1 AND Circle2: ( 0.4155014245331247 , -0.4405820795603038 )  AND ( 0.5157163087822662 , -0.4244602119548554 )
d1 :  0.15659562103791827 d2 :  0.21440833544931942
INTERSECTION Circle1 AND Circle2 AND Circle3 : ( 0.5157163087822662 , -0.4244602119548554 )


theta :  0.23027396394784733
translation matrix :  [0.1730753810917211, -0.3441340891355027]
rotation matrix :  [[0.9736039008439166, -0.22824426446574514], [0.22824426446574514, 0.9736039008439166]]
inverse rotation matrix :  [[0.9736039008439167, 0.22824426446574517], [-0.22824426446574517, 0.9736039008439167]]


 - - - - - new touch recorded - - - - -
[[827, 206], [477, 1058], [345, 301], [672, 1737]]

goal :  [0.0, 0.0]
rotated goal :  [0.0, 0.0]
translated goal :  [0.1730753810917211, -0.3441340891355027]

next point screen :  [0, 0]
next reachy position :  [[0.1730753810917211, -0.3441340891355027]] -0.31828798123387453




goal :  [0.35193052060858127, 0.0]
rotated goal :  [0.3426409276905451, -0.0803261228193524]
translated goal :  [0.5157163087822663, -0.4244602119548551]

next point screen :  [1080, 0]
next reachy position :  [[0.5157163087822663, -0.4244602119548551]] -0.31828798123387453




goal :  [0.0, 0.6256542588597]
rotated goal :  [0.14280199612329317, 0.6091394270054136]
translated goal :  [0.3158773772150143, 0.2650053378699109]

next point screen :  [0, 1920]
next reachy position :  [[0.3158773772150143, 0.2650053378699109]] -0.31828798123387453






 ---------------------------------  new trial  ----------------------------------





goal :  [0.0, 0.0]
rotated goal :  [0.0, 0.0]
translated goal :  [0.19284383262414728, -0.41055972839539523]
next point screen :  [0, 0]
next reachy position :  [0.19284383262414728, -0.41055972839539523] -0.31897254788581575



goal :  [0.36080710024938534, 0.0]
rotated goal :  [0.36072587367940673, -0.00765556324503555]
translated goal :  [0.5535697063035541, -0.41821529164043075]
next point screen :  [1080, 0]
next reachy position :  [0.5535697063035541, -0.41821529164043075] -0.31897254788581575



goal :  [0.0, 0.6414348448877962]
rotated goal :  [0.013609890213396534, 0.6412904420967229]
translated goal :  [0.20645372283754382, 0.2307307137013277]
next point screen :  [0, 1920]
next reachy position :  [0.20645372283754382, 0.2307307137013277] -0.31897254788581575
reachy moved









 ---------------------------------  new trial  ----------------------------------



[[-0.58939213  0.31999933 -0.74176637  0.19873028]
 [-0.78254085 -0.45417347  0.42585945 -0.43540656]
 [-0.20061587  0.8314607   0.51809882 -0.436574  ]
 [ 0.          0.          0.          1.        ]]

 - - - - - new touch recorded - - - - -
A :  [array([[-0.03200608, -0.0687852 , -0.99711795,  0.38611319],
       [ 0.05066726,  0.99623472, -0.07035062, -0.34547761],
       [ 0.9982026 , -0.05277288, -0.02840041, -0.31613745],
       [ 0.        ,  0.        ,  0.        ,  1.        ]]), [[573, 180]]]
       
 - - - - - new touch recorded - - - - -
B :  [array([[-0.16070081, -0.8396531 , -0.51880432,  0.31044731],
       [ 0.06772438,  0.51501657, -0.85450064,  0.03746571],
       [ 0.98467693, -0.17245465, -0.0258986 , -0.32102414],
       [ 0.        ,  0.        ,  0.        ,  1.        ]]), [[113, 1258]]]
       
 - - - - - new touch recorded - - - - -
C :  [array([[-0.08157814, -0.12471551, -0.98883318,  0.48026744],
       [ 0.05698945,  0.98993307, -0.12955583, -0.16723757],
       [ 0.99503629, -0.06692199, -0.07364943, -0.31484055],
       [ 0.        ,  0.        ,  0.        ,  1.        ]]), [[906, 759]]]
       
       
       
- - - - - - point - - - - - -
in trilateration for point :  [0, 0]
INTERSECTION Circle1 AND Circle2 AND Circle3 : ( 0.1870053087458152 , -0.3646768029602595 )

- - - - - - point - - - - - -
in trilateration for point :  [0, 1920]
INTERSECTION Circle1 AND Circle2 AND Circle3 : ( 0.21734215698750636 , 0.24083339581427843 )

- - - - - - point - - - - - -
in trilateration for point :  [1080, 0]
INTERSECTION Circle1 AND Circle2 AND Circle3 : ( 0.5389266768186932 , -0.4390410662643989 )



theta :  0.05005944279001999
translation matrix :  [0.1870053087458152, -0.3646768029602595]
rotation matrix :  [[0.998747287729189, -0.0500385376843551], [0.0500385376843551, 0.998747287729189]]
inverse rotation matrix :  [[0.9987472877291889, 0.05003853768435509], [-0.050038537684355094, 0.9987472877291889]]


 - - - - - new touch recorded - - - - -
[[573, 180], [113, 1258], [906, 759], [695, 1784]]

destination array :  [[0, 0], [1080, 0], [0, 1920]]


goal :  [0.0, 0.0]
rotated goal :  [0.0, 0.0]
translated goal :  [0.1870053087458152, -0.3646768029602595]

next point screen :  [0, 0]
next reachy position :  [0.1870053087458152, -0.3646768029602595] -0.3173340456202196




goal :  [0.3596924977853353, 0.0]
rotated goal :  [0.3592419065796409, -0.017998486605211313]
translated goal :  [0.5462472153254561, -0.3826752895654708]

next point screen :  [1080, 0]
next reachy position :  [0.5462472153254561, -0.3826752895654708] -0.3173340456202196




goal :  [0.0, 0.6394533293961516]
rotated goal :  [0.03199730952037566, 0.638652278363806]
translated goal :  [0.21900261826619086, 0.2739754754035465]

next point screen :  [0, 1920]
next reachy position :  [0.21900261826619086, 0.2739754754035465] -0.3173340456202196




    
- - - - - - point - - - - - -
in trilateration for point :  [0, 0]
INTERSECTION Circle1 AND Circle2 AND Circle3 : ( 0.1870053087458152 , -0.3646768029602595 )

next point screen :  [0, 0]
next reachy position :  [0.1870053087458152, -0.3646768029602595]


- - - - - - point - - - - - -
in trilateration for point :  [0, 1920]
INTERSECTION Circle1 AND Circle2 AND Circle3 : ( 0.21734215698750636 , 0.24083339581427843 )

next point screen :  [0, 1920]
next reachy position :  [0.21900261826619086, 0.2739754754035465]

- - - - - - point - - - - - -
in trilateration for point :  [1080, 0]
INTERSECTION Circle1 AND Circle2 AND Circle3 : ( 0.5389266768186932 , -0.4390410662643989 )

next point screen :  [1080, 0]
next reachy position :  [0.5462472153254561, -0.3826752895654708]



